layout: false
---
1 [909, 1064, 991, 111, 751, 873, 1059, 1057, 876, 1056, 635, 514, 998, 637, 516, 758, 913, 759, 519, 916, 917, 918, 1077, 1110, 1076, 1074, 1072, 1071, 1107, 1106, 760, 1104, 488, 1103, 763, 1102, 644, 1101, 800, 526, 768, 803, 804, 805, 1109, 1108, 1000, 1121, 1120, 1085, 1083, 1082, 493, 1081, 494, 253, 1118, 374, 1117, 1116, 1115, 1114, 897, 1111, 779, 934, 939, 1119, 1091, 35, 36, 37, 1099, 1132, 1131, 1130, 1094, 261, 1093, 1092, 1129, 1128, 782, 1006, 1127, 1126, 1125, 785, 1124, 424, 667, 1122, 789, 947, 948, 949, 1021, 670, 791, 550, 1018, 1015, 830, 832, 1012, 1133, 679, 955, 956, 318, 717, 959, 1033, 1030, 1029, 1028, 685, 843, 722, 964, 845, 966, 1044, 1042, 1040, 690, 294, 175, 970, 971, 575, 972, 852, 973, 856, 977, 615, 857, 616, 858, 618, 619, 1055, 1052, 583, 463, 740, 862, 863, 502, 867, 901, 628, 906]

2 [1065, 1063, 1061, 1060, 232, 993, 631, 994, 236, 478, 997, 877, 911, 999, 639, 97, 919, 1075, 1073, 883, 762, 247, 764, 126, 249, 1100, 921, 525, 801, 925, 926, 927, 807, 1088, 1086, 496, 651, 530, 531, 653, 1113, 655, 1079, 776, 898, 931, 535, 777, 536, 933, 537, 813, 814, 815, 1090, 1096, 1095, 1008, 664, 665, 544, 820, 1123, 1089, 304, 823, 826, 828, 1022, 151, 394, 673, 1016, 674, 1014, 951, 797, 799, 713, 835, 714, 319, 716, 839, 53, 1031, 281, 160, 681, 560, 682, 683, 684, 1027, 961, 841, 1025, 842, 449, 967, 727, 969, 292, 173, 570, 850, 577, 732, 974, 733, 735, 738, 739, 180, 1051, 580, 342, 1049, 1048, 345, 587, 1047, 984, 1046, 226, 866, 626, 109]

3 [1062, 473, 597, 1058, 636, 878, 879, 914, 915, 98, 880, 242, 881, 123, 1068, 524, 766, 922, 928, 1080, 26, 1087, 1084, 492, 771, 652, 774, 930, 534, 139, 899, 778, 539, 937, 938, 32, 1011, 1097, 302, 1002, 787, 943, 547, 944, 548, 428, 703, 825, 309, 829, 708, 272, 154, 1017, 794, 796, 676, 159, 1013, 798, 436, 678, 283, 442, 288, 960, 686, 1024, 448, 60, 605, 968, 171, 450, 177, 576, 1036, 854, 975, 613, 734, 978, 979, 461, 582, 100, 982, 102, 620, 225, 864, 589, 865, 469, 986, 229, 900, 988, 989, 627]

4 [273, 790, 350, 1019, 990, 474, 871, 310, 630, 874, 753, 831, 710, 754, 556, 837, 838, 1032, 680, 440, 882, 366, 720, 522, 566, 963, 1023, 645, 326, 844, 646, 965, 802, 406, 923, 529, 609, 929, 170, 1041, 490, 370, 295, 893, 498, 773, 851, 138, 810, 579, 935, 617, 818, 1010, 1054, 1053, 1050, 262, 462, 781, 1007, 980, 144, 266, 861, 421, 223, 465, 666, 941, 942, 546, 987, 903, 749, 827, 905]

5 [1066, 1020, 395, 672, 992, 156, 872, 553, 795, 950, 752, 511, 875, 952, 755, 557, 359, 712, 515, 559, 715, 958, 95, 718, 719, 99, 17, 360, 1070, 561, 320, 640, 761, 520, 962, 402, 721, 567, 601, 689, 723, 405, 846, 527, 924, 606, 728, 806, 174, 296, 693, 375, 453, 497, 574, 1037, 499, 258, 731, 533, 379, 853, 1112, 1034, 811, 855, 459, 932, 812, 658, 736, 737, 936, 817, 581, 220, 541, 343, 103, 1003, 423, 742, 985, 821, 1001, 1045, 700, 624, 701, 625, 702, 747, 946, 904, 1009, 87]

6 [907, 908, 89, 190, 195, 593, 595, 750, 596, 234, 114, 632, 634, 910, 118, 912, 93, 517, 96, 482, 1105, 365, 521, 643, 403, 767, 129, 889, 528, 408, 29, 491, 770, 772, 377, 1078, 657, 417, 659, 819, 260, 141, 264, 661, 265, 540, 1004, 301, 940, 822, 668, 669, 307, 704, 707, 48, 391, 792, 551, 793, 397, 277, 398, 432, 311, 312, 158, 435, 315, 954, 558, 164, 286, 840, 1026, 323, 169, 600, 688, 602, 604, 209, 608, 290, 172, 572, 298, 1039, 178, 1038, 696, 179, 697, 610, 456, 611, 699, 614, 75, 77, 187, 860, 224, 741, 621, 622, 623, 348, 108, 869, 902, 506, 83, 629, 509]

7 [47, 471, 671, 870, 278, 433, 675, 995, 115, 357, 479, 996, 953, 91, 834, 757, 119, 92, 957, 280, 480, 285, 121, 165, 166, 244, 563, 167, 641, 642, 1069, 445, 523, 765, 1067, 920, 8, 569, 647, 847, 607, 63, 808, 1043, 252, 891, 495, 297, 694, 894, 256, 411, 136, 896, 1035, 612, 976, 538, 418, 419, 33, 1098, 464, 981, 783, 1005, 586, 983, 347, 425, 349, 306, 868, 706, 508]

8 [709, 191, 192, 270, 275, 110, 352, 353, 475, 476, 399, 477, 279, 510, 598, 313, 555, 633, 512, 711, 513, 833, 437, 836, 638, 161, 481, 163, 483, 484, 441, 486, 487, 444, 565, 5, 324, 369, 447, 603, 328, 648, 208, 769, 407, 649, 61, 848, 849, 65, 809, 67, 28, 691, 130, 451, 330, 132, 376, 895, 455, 257, 334, 457, 656, 458, 337, 338, 416, 71, 859, 816, 78, 79, 380, 184, 186, 188, 662, 101, 189, 663, 784, 388, 422, 346, 745, 427, 746, 824, 505, 748, 308, 705, 507, 86]

9 [88, 392, 592, 230, 472, 351, 153, 197, 231, 430, 276, 199, 235, 554, 599, 358, 238, 117, 90, 317, 94, 518, 162, 240, 363, 485, 287, 562, 122, 364, 443, 564, 168, 400, 125, 489, 248, 325, 127, 568, 68, 27, 250, 890, 692, 131, 373, 650, 133, 695, 255, 454, 654, 775, 336, 414, 339, 73, 181, 460, 584, 300, 500, 786, 148, 501, 743, 545, 149, 744, 426, 305, 945, 43]

10 [193, 470, 594, 155, 431, 112, 113, 157, 677, 314, 438, 51, 55, 57, 15, 59, 282, 120, 362, 321, 245, 322, 124, 884, 202, 246, 367, 687, 729, 64, 66, 25, 69, 291, 293, 371, 251, 372, 176, 892, 452, 254, 331, 213, 412, 698, 259, 217, 72, 74, 31, 38, 383, 780, 340, 660, 385, 221, 222, 585, 387, 267, 344, 543, 467, 588, 106, 228, 503, 81, 549, 82, 429]

11 [590, 194, 591, 198, 355, 356, 237, 756, 10, 11, 12, 14, 18, 19, 361, 241, 4, 401, 885, 368, 886, 7, 887, 404, 888, 409, 20, 22, 24, 134, 135, 532, 378, 137, 415, 30, 34, 381, 382, 263, 142, 384, 386, 420, 145, 542, 146, 268, 147, 389, 269, 303, 788, 40, 44, 45, 46, 390, 271, 150, 393, 152, 396, 552, 316, 50, 52, 54, 56, 58, 284, 200, 289, 203, 446, 327, 207, 724, 725, 329, 62, 571, 573, 211, 212, 730, 335, 215, 578, 216, 70, 219, 76, 182, 183, 185, 341, 466, 104, 468, 107, 80, 84, 85]

12 [23, 49, 196, 274, 210, 233, 299, 332, 354, 410, 333, 434, 214, 413, 116, 239, 218, 439, 13, 16, 39, 140, 143, 1, 243, 2, 3, 201, 6, 204, 105, 205, 227, 128, 206, 9, 504, 726, 41, 42, 21]

complete


